7
8
5
1
1
1
1
1
1
1
1
25
78
55
647
145
24
8
258
8
14
2
0
4
74
2
217
0
2
2
81
418
10
747
585
846
518
976
512
32
659
84
71
56
432
87
89
836
517
76
0
841
81
85
28
52
48
-85
54
-2
-8
524
600
654
-45
-966
-80
45
82
96
-96
-3
54
445
5465
56
5
77
82
57
14
25
78
55
647
145
24
8
258
8
14
27
0
45
74
27
217
0
24
2
81
418
10
747
585
846
518
976
512
32
659
84
71
56
432
87
89
836
517
76
0
841
81
85
28
52
48
-85
54
-2
-8
524
600
654
-45
-966
-80
45
82
96
-96
-3
54
445
5465
56
5
6543
653
35
33
293
3
543
63
43
51
91
1
52
61
